[tensor([[3.19895e-01, 2.10755e-01, 6.12167e-01, 6.88284e-01, 8.49079e-01, 0.00000e+00],
        [1.83872e-01, 6.73620e-01, 2.89550e-01, 7.59785e-01, 8.43620e-01, 4.50000e+01],
        [6.81212e-01, 2.49623e-01, 9.74082e-01, 7.66803e-01, 8.00091e-01, 0.00000e+00],
        [1.00789e-01, 1.74949e-01, 1.95841e-01, 2.80167e-01, 7.84368e-01, 5.60000e+01],
        [3.03511e-01, 7.67971e-01, 3.74118e-01, 8.51065e-01, 7.73125e-01, 4.10000e+01],
        [8.30337e-01, 8.61173e-01, 9.08818e-01, 9.55344e-01, 7.65942e-01, 4.10000e+01],
        [8.80384e-03, 2.67696e-01, 2.86574e-01, 7.80159e-01, 7.58283e-01, 0.00000e+00],
        [7.10222e-01, 7.28612e-01, 7.81781e-01, 8.08013e-01, 7.48070e-01, 4.10000e+01],
        [1.48747e-01, 8.63349e-01, 2.38800e-01, 9.65992e-01, 7.43953e-01, 4.10000e+01],
        [2.98335e-01, 1.17804e-01, 3.70191e-01, 3.13111e-01, 6.94765e-01, 5.60000e+01],
        [1.35326e-01, 7.41875e-01, 1.78463e-01, 8.79435e-01, 5.87701e-01, 3.90000e+01],
        [2.35911e-01, 1.09258e-01, 3.07813e-01, 2.42515e-01, 5.08029e-01, 5.60000e+01],
        [4.59026e-01, 6.22534e-01, 5.23210e-01, 6.88101e-01, 4.97891e-01, 4.10000e+01],
        [1.70821e-02, 6.38707e-01, 1.00000e+00, 9.97612e-01, 4.81863e-01, 6.00000e+01],
        [7.81059e-01, 7.77473e-01, 8.30054e-01, 8.47600e-01, 4.62272e-01, 4.10000e+01],
        [7.11998e-01, 6.66108e-01, 8.12074e-01, 7.16549e-01, 4.61307e-01, 4.50000e+01],
        [0.00000e+00, 7.94414e-01, 7.82535e-02, 9.05000e-01, 4.46771e-01, 4.50000e+01],
        [4.36026e-01, 9.33807e-01, 5.19985e-01, 9.99563e-01, 4.43458e-01, 7.50000e+01],
        [2.51384e-01, 7.51279e-01, 2.99152e-01, 8.74574e-01, 4.41025e-01, 4.10000e+01],
        [6.77978e-01, 7.81152e-01, 7.24313e-01, 8.69577e-01, 3.71011e-01, 4.10000e+01],
        [8.87325e-02, 8.74516e-01, 1.60888e-01, 9.64951e-01, 3.59459e-01, 4.40000e+01],
        [9.05799e-01, 8.76259e-01, 1.00000e+00, 9.62592e-01, 3.43041e-01, 4.20000e+01],
        [7.13893e-01, 6.64522e-01, 8.13141e-01, 7.29349e-01, 3.13869e-01, 4.10000e+01],
        [8.20348e-01, 8.65972e-01, 9.07467e-01, 9.61036e-01, 3.02125e-01, 4.40000e+01],
        [7.88150e-02, 7.69112e-01, 1.32243e-01, 8.07561e-01, 2.80431e-01, 4.40000e+01],
        [9.04682e-01, 8.73040e-01, 1.00000e+00, 9.64999e-01, 2.67217e-01, 4.40000e+01],
        [3.90215e-01, 6.87151e-01, 4.17165e-01, 7.32835e-01, 2.67073e-01, 4.20000e+01],
        [7.81641e-01, 2.46147e-01, 8.49565e-01, 3.23317e-01, 2.63408e-01, 1.30000e+01],
        [5.19376e-01, 9.40177e-01, 6.58673e-01, 1.00000e+00, 2.51655e-01, 7.50000e+01]], device='cuda:0')], Latency: 12.997152328491211 ms.
